(kicad_pcb (version 20171130) (host pcbnew "(5.1.9-14-g7af6cc355d)")

  (general
    (thickness 1.6)
    (drawings 95)
    (tracks 914)
    (zones 0)
    (modules 77)
    (nets 52)
  )

  (page A4)
  (title_block
    (title "USB-PD on Glasgow")
    (rev V0.7a)
    (company "License: CC-BY-SA 4.0")
    (comment 1 "(C) 2020-2021 1BitSquared")
    (comment 2 "(C) 2020-2021 Piotr Esden-Tempski")
    (comment 3 "(C) 2021 Rod Whitby")
  )

  (layers
    (0 F.Cu signal)
    (1 In1.Cu power hide)
    (2 In2.Cu power)
    (31 B.Cu signal)
    (32 B.Adhes user)
    (33 F.Adhes user)
    (34 B.Paste user)
    (35 F.Paste user)
    (36 B.SilkS user)
    (37 F.SilkS user)
    (38 B.Mask user)
    (39 F.Mask user)
    (40 Dwgs.User user)
    (44 Edge.Cuts user)
    (45 Margin user)
    (46 B.CrtYd user)
    (47 F.CrtYd user)
    (48 B.Fab user)
    (49 F.Fab user)
  )

  (setup
    (last_trace_width 0.2)
    (user_trace_width 0.3)
    (user_trace_width 0.4)
    (user_trace_width 0.5)
    (user_trace_width 0.6)
    (user_trace_width 0.8)
    (user_trace_width 1)
    (trace_clearance 0.2)
    (zone_clearance 0.4)
    (zone_45_only no)
    (trace_min 0.2)
    (via_size 0.5)
    (via_drill 0.3)
    (via_min_size 0.5)
    (via_min_drill 0.3)
    (uvia_size 0.3)
    (uvia_drill 0.1)
    (uvias_allowed no)
    (uvia_min_size 0.2)
    (uvia_min_drill 0.1)
    (edge_width 0.05)
    (segment_width 0.2)
    (pcb_text_width 0.3)
    (pcb_text_size 1.5 1.5)
    (mod_edge_width 0.12)
    (mod_text_size 1 1)
    (mod_text_width 0.15)
    (pad_size 1.7 1.7)
    (pad_drill 1)
    (pad_to_mask_clearance 0)
    (aux_axis_origin 0 0)
    (visible_elements FFFFFF9F)
    (pcbplotparams
      (layerselection 0x010fc_ffffffff)
      (usegerberextensions true)
      (usegerberattributes true)
      (usegerberadvancedattributes true)
      (creategerberjobfile true)
      (excludeedgelayer true)
      (linewidth 0.300000)
      (plotframeref false)
      (viasonmask false)
      (mode 1)
      (useauxorigin false)
      (hpglpennumber 1)
      (hpglpenspeed 20)
      (hpglpendiameter 15.000000)
      (psnegative false)
      (psa4output false)
      (plotreference true)
      (plotvalue true)
      (plotinvisibletext false)
      (padsonsilk false)
      (subtractmaskfromsilk false)
      (outputformat 1)
      (mirror false)
      (drillshape 0)
      (scaleselection 1)
      (outputdirectory "gerber"))
  )

  (net 0 "")
  (net 1 GND)
  (net 2 "Net-(J1-Pad20)")
  (net 3 "Net-(J1-Pad19)")
  (net 4 /BS)
  (net 5 "Net-(J2-Pad20)")
  (net 6 "Net-(J2-Pad19)")
  (net 7 /CC2)
  (net 8 /CC1)
  (net 9 /SDA)
  (net 10 /SCL)
  (net 11 /VBUS)
  (net 12 /SBU2)
  (net 13 /SBU1)
  (net 14 +5V)
  (net 15 +3V3)
  (net 16 /SBU2_3V3)
  (net 17 /SBU1_3V3)
  (net 18 /SBU2_DIR)
  (net 19 /SBU1_DIR)
  (net 20 /USBN_3V3)
  (net 21 /USBN_DIR)
  (net 22 /USBP_3V3)
  (net 23 /USBP_DIR)
  (net 24 /USBN)
  (net 25 /USBP)
  (net 26 /VEN)
  (net 27 /ADJ_USB)
  (net 28 /~FLT)
  (net 29 /~INT)
  (net 30 "Net-(D1-Pad2)")
  (net 31 "Net-(D2-Pad2)")
  (net 32 /A7)
  (net 33 "Net-(R8-Pad1)")
  (net 34 /1.2V)
  (net 35 /VBUS_OUT)
  (net 36 /AS)
  (net 37 /VBUS_DFP)
  (net 38 "Net-(J5-Pad2)")
  (net 39 "Net-(J9-Pad2)")
  (net 40 "Net-(J10-Pad2)")
  (net 41 "Net-(J11-Pad2)")
  (net 42 /~SBU_1V2)
  (net 43 /~USB_1V2)
  (net 44 "Net-(R11-Pad2)")
  (net 45 "Net-(R11-Pad1)")
  (net 46 "Net-(R12-Pad2)")
  (net 47 "Net-(R12-Pad1)")
  (net 48 "Net-(R13-Pad2)")
  (net 49 "Net-(R13-Pad1)")
  (net 50 "Net-(R14-Pad2)")
  (net 51 "Net-(R14-Pad1)")

  (net_class Default "This is the default net class."
    (clearance 0.2)
    (trace_width 0.2)
    (via_dia 0.5)
    (via_drill 0.3)
    (uvia_dia 0.3)
    (uvia_drill 0.1)
    (add_net +3V3)
    (add_net +5V)
    (add_net /1.2V)
    (add_net /A7)
    (add_net /ADJ_USB)
    (add_net /AS)
    (add_net /BS)
    (add_net /CC1)
    (add_net /CC2)
    (add_net /SBU1)
    (add_net /SBU1_3V3)
    (add_net /SBU1_DIR)
    (add_net /SBU2)
    (add_net /SBU2_3V3)
    (add_net /SBU2_DIR)
    (add_net /SCL)
    (add_net /SDA)
    (add_net /USBN)
    (add_net /USBN_3V3)
    (add_net /USBN_DIR)
    (add_net /USBP)
    (add_net /USBP_3V3)
    (add_net /USBP_DIR)
    (add_net /VBUS)
    (add_net /VBUS_DFP)
    (add_net /VBUS_OUT)
    (add_net /VEN)
    (add_net /~FLT)
    (add_net /~INT)
    (add_net /~SBU_1V2)
    (add_net /~USB_1V2)
    (add_net GND)
    (add_net "Net-(D1-Pad2)")
    (add_net "Net-(D2-Pad2)")
    (add_net "Net-(J1-Pad19)")
    (add_net "Net-(J1-Pad20)")
    (add_net "Net-(J10-Pad2)")
    (add_net "Net-(J11-Pad2)")
    (add_net "Net-(J2-Pad19)")
    (add_net "Net-(J2-Pad20)")
    (add_net "Net-(J5-Pad2)")
    (add_net "Net-(J9-Pad2)")
    (add_net "Net-(R11-Pad1)")
    (add_net "Net-(R11-Pad2)")
    (add_net "Net-(R12-Pad1)")
    (add_net "Net-(R12-Pad2)")
    (add_net "Net-(R13-Pad1)")
    (add_net "Net-(R13-Pad2)")
    (add_net "Net-(R14-Pad1)")
    (add_net "Net-(R14-Pad2)")
    (add_net "Net-(R8-Pad1)")
  )

  (module Package_TO_SOT_SMD:SOT-363_SC-70-6 (layer F.Cu) (tedit 5A02FF57) (tstamp 6039695B)
    (at 46.482 59.69)
    (descr "SOT-363, SC-70-6")
    (tags "SOT-363 SC-70-6")
    (path /60285CE0)
    (attr smd)
    (fp_text reference U6 (at 0 -2) (layer F.Fab)
      (effects (font (size 1 1) (thickness 0.15)))
    )
    (fp_text value SN74AVC1T45DBVR (at 0 2 180) (layer F.Fab)
      (effects (font (size 1 1) (thickness 0.15)))
    )
    (fp_line (start 0.7 -1.16) (end -1.2 -1.16) (layer F.SilkS) (width 0.12))
    (fp_line (start -0.7 1.16) (end 0.7 1.16) (layer F.SilkS) (width 0.12))
    (fp_line (start 1.6 1.4) (end 1.6 -1.4) (layer F.CrtYd) (width 0.05))
    (fp_line (start -1.6 -1.4) (end -1.6 1.4) (layer F.CrtYd) (width 0.05))
    (fp_line (start -1.6 -1.4) (end 1.6 -1.4) (layer F.CrtYd) (width 0.05))
    (fp_line (start 0.675 -1.1) (end -0.175 -1.1) (layer F.Fab) (width 0.1))
    (fp_line (start -0.675 -0.6) (end -0.675 1.1) (layer F.Fab) (width 0.1))
    (fp_line (start -1.6 1.4) (end 1.6 1.4) (layer F.CrtYd) (width 0.05))
    (fp_line (start 0.675 -1.1) (end 0.675 1.1) (layer F.Fab) (width 0.1))
    (fp_line (start 0.675 1.1) (end -0.675 1.1) (layer F.Fab) (width 0.1))
    (fp_line (start -0.175 -1.1) (end -0.675 -0.6) (layer F.Fab) (width 0.1))
    (fp_text user %R (at 0 0 90) (layer F.Fab)
      (effects (font (size 0.5 0.5) (thickness 0.075)))
    )
    (pad 1 smd rect (at -0.95 -0.65) (size 0.65 0.4) (layers F.Cu F.Paste F.Mask)
      (net 15 +3V3))
    (pad 3 smd rect (at -0.95 0.65) (size 0.65 0.4) (layers F.Cu F.Paste F.Mask)
      (net 17 /SBU1_3V3))
    (pad 5 smd rect (at 0.95 0) (size 0.65 0.4) (layers F.Cu F.Paste F.Mask)
      (net 19 /SBU1_DIR))
    (pad 2 smd rect (at -0.95 0) (size 0.65 0.4) (layers F.Cu F.Paste F.Mask)
      (net 1 GND))
    (pad 4 smd rect (at 0.95 0.65) (size 0.65 0.4) (layers F.Cu F.Paste F.Mask)
      (net 51 "Net-(R14-Pad1)"))
    (pad 6 smd rect (at 0.95 -0.65) (size 0.65 0.4) (layers F.Cu F.Paste F.Mask)
      (net 34 /1.2V))
    (model ${KISYS3DMOD}/Package_TO_SOT_SMD.3dshapes/SOT-363_SC-70-6.wrl
      (at (xyz 0 0 0))
      (scale (xyz 1 1 1))
      (rotate (xyz 0 0 0))
    )
  )

  (module Package_TO_SOT_SMD:SOT-363_SC-70-6 (layer F.Cu) (tedit 5A02FF57) (tstamp 6039699A)
    (at 46.482 49.53)
    (descr "SOT-363, SC-70-6")
    (tags "SOT-363 SC-70-6")
    (path /60284DB1)
    (attr smd)
    (fp_text reference U5 (at 0 -2) (layer F.Fab)
      (effects (font (size 1 1) (thickness 0.15)))
    )
    (fp_text value SN74AVC1T45DCKR (at 0 2 180) (layer F.Fab)
      (effects (font (size 1 1) (thickness 0.15)))
    )
    (fp_line (start -0.175 -1.1) (end -0.675 -0.6) (layer F.Fab) (width 0.1))
    (fp_line (start 0.675 1.1) (end -0.675 1.1) (layer F.Fab) (width 0.1))
    (fp_line (start 0.675 -1.1) (end 0.675 1.1) (layer F.Fab) (width 0.1))
    (fp_line (start -1.6 1.4) (end 1.6 1.4) (layer F.CrtYd) (width 0.05))
    (fp_line (start -0.675 -0.6) (end -0.675 1.1) (layer F.Fab) (width 0.1))
    (fp_line (start 0.675 -1.1) (end -0.175 -1.1) (layer F.Fab) (width 0.1))
    (fp_line (start -1.6 -1.4) (end 1.6 -1.4) (layer F.CrtYd) (width 0.05))
    (fp_line (start -1.6 -1.4) (end -1.6 1.4) (layer F.CrtYd) (width 0.05))
    (fp_line (start 1.6 1.4) (end 1.6 -1.4) (layer F.CrtYd) (width 0.05))
    (fp_line (start -0.7 1.16) (end 0.7 1.16) (layer F.SilkS) (width 0.12))
    (fp_line (start 0.7 -1.16) (end -1.2 -1.16) (layer F.SilkS) (width 0.12))
    (fp_text user %R (at 0 0 90) (layer F.Fab)
      (effects (font (size 0.5 0.5) (thickness 0.075)))
    )
    (pad 6 smd rect (at 0.95 -0.65) (size 0.65 0.4) (layers F.Cu F.Paste F.Mask)
      (net 34 /1.2V))
    (pad 4 smd rect (at 0.95 0.65) (size 0.65 0.4) (layers F.Cu F.Paste F.Mask)
      (net 49 "Net-(R13-Pad1)"))
    (pad 2 smd rect (at -0.95 0) (size 0.65 0.4) (layers F.Cu F.Paste F.Mask)
      (net 1 GND))
    (pad 5 smd rect (at 0.95 0) (size 0.65 0.4) (layers F.Cu F.Paste F.Mask)
      (net 23 /USBP_DIR))
    (pad 3 smd rect (at -0.95 0.65) (size 0.65 0.4) (layers F.Cu F.Paste F.Mask)
      (net 22 /USBP_3V3))
    (pad 1 smd rect (at -0.95 -0.65) (size 0.65 0.4) (layers F.Cu F.Paste F.Mask)
      (net 15 +3V3))
    (model ${KISYS3DMOD}/Package_TO_SOT_SMD.3dshapes/SOT-363_SC-70-6.wrl
      (at (xyz 0 0 0))
      (scale (xyz 1 1 1))
      (rotate (xyz 0 0 0))
    )
  )

  (module Package_TO_SOT_SMD:SOT-363_SC-70-6 (layer F.Cu) (tedit 5A02FF57) (tstamp 6039691C)
    (at 46.482 54.61)
    (descr "SOT-363, SC-70-6")
    (tags "SOT-363 SC-70-6")
    (path /60284032)
    (attr smd)
    (fp_text reference U4 (at 0 -2) (layer F.Fab)
      (effects (font (size 1 1) (thickness 0.15)))
    )
    (fp_text value SN74AVC1T45DCKR (at 0 2 180) (layer F.Fab)
      (effects (font (size 1 1) (thickness 0.15)))
    )
    (fp_line (start -0.175 -1.1) (end -0.675 -0.6) (layer F.Fab) (width 0.1))
    (fp_line (start 0.675 1.1) (end -0.675 1.1) (layer F.Fab) (width 0.1))
    (fp_line (start 0.675 -1.1) (end 0.675 1.1) (layer F.Fab) (width 0.1))
    (fp_line (start -1.6 1.4) (end 1.6 1.4) (layer F.CrtYd) (width 0.05))
    (fp_line (start -0.675 -0.6) (end -0.675 1.1) (layer F.Fab) (width 0.1))
    (fp_line (start 0.675 -1.1) (end -0.175 -1.1) (layer F.Fab) (width 0.1))
    (fp_line (start -1.6 -1.4) (end 1.6 -1.4) (layer F.CrtYd) (width 0.05))
    (fp_line (start -1.6 -1.4) (end -1.6 1.4) (layer F.CrtYd) (width 0.05))
    (fp_line (start 1.6 1.4) (end 1.6 -1.4) (layer F.CrtYd) (width 0.05))
    (fp_line (start -0.7 1.16) (end 0.7 1.16) (layer F.SilkS) (width 0.12))
    (fp_line (start 0.7 -1.16) (end -1.2 -1.16) (layer F.SilkS) (width 0.12))
    (fp_text user %R (at 0 0 90) (layer F.Fab)
      (effects (font (size 0.5 0.5) (thickness 0.075)))
    )
    (pad 6 smd rect (at 0.95 -0.65) (size 0.65 0.4) (layers F.Cu F.Paste F.Mask)
      (net 34 /1.2V))
    (pad 4 smd rect (at 0.95 0.65) (size 0.65 0.4) (layers F.Cu F.Paste F.Mask)
      (net 47 "Net-(R12-Pad1)"))
    (pad 2 smd rect (at -0.95 0) (size 0.65 0.4) (layers F.Cu F.Paste F.Mask)
      (net 1 GND))
    (pad 5 smd rect (at 0.95 0) (size 0.65 0.4) (layers F.Cu F.Paste F.Mask)
      (net 18 /SBU2_DIR))
    (pad 3 smd rect (at -0.95 0.65) (size 0.65 0.4) (layers F.Cu F.Paste F.Mask)
      (net 16 /SBU2_3V3))
    (pad 1 smd rect (at -0.95 -0.65) (size 0.65 0.4) (layers F.Cu F.Paste F.Mask)
      (net 15 +3V3))
    (model ${KISYS3DMOD}/Package_TO_SOT_SMD.3dshapes/SOT-363_SC-70-6.wrl
      (at (xyz 0 0 0))
      (scale (xyz 1 1 1))
      (rotate (xyz 0 0 0))
    )
  )

  (module Package_TO_SOT_SMD:SOT-363_SC-70-6 (layer F.Cu) (tedit 5A02FF57) (tstamp 603969D9)
    (at 46.482 44.45)
    (descr "SOT-363, SC-70-6")
    (tags "SOT-363 SC-70-6")
    (path /605FE266)
    (attr smd)
    (fp_text reference U3 (at 0 -2) (layer F.Fab)
      (effects (font (size 1 1) (thickness 0.15)))
    )
    (fp_text value SN74AVC1T45DCKR (at 0 2 180) (layer F.Fab)
      (effects (font (size 1 1) (thickness 0.15)))
    )
    (fp_line (start -0.175 -1.1) (end -0.675 -0.6) (layer F.Fab) (width 0.1))
    (fp_line (start 0.675 1.1) (end -0.675 1.1) (layer F.Fab) (width 0.1))
    (fp_line (start 0.675 -1.1) (end 0.675 1.1) (layer F.Fab) (width 0.1))
    (fp_line (start -1.6 1.4) (end 1.6 1.4) (layer F.CrtYd) (width 0.05))
    (fp_line (start -0.675 -0.6) (end -0.675 1.1) (layer F.Fab) (width 0.1))
    (fp_line (start 0.675 -1.1) (end -0.175 -1.1) (layer F.Fab) (width 0.1))
    (fp_line (start -1.6 -1.4) (end 1.6 -1.4) (layer F.CrtYd) (width 0.05))
    (fp_line (start -1.6 -1.4) (end -1.6 1.4) (layer F.CrtYd) (width 0.05))
    (fp_line (start 1.6 1.4) (end 1.6 -1.4) (layer F.CrtYd) (width 0.05))
    (fp_line (start -0.7 1.16) (end 0.7 1.16) (layer F.SilkS) (width 0.12))
    (fp_line (start 0.7 -1.16) (end -1.2 -1.16) (layer F.SilkS) (width 0.12))
    (fp_text user %R (at 0 0 90) (layer F.Fab)
      (effects (font (size 0.5 0.5) (thickness 0.075)))
    )
    (pad 6 smd rect (at 0.95 -0.65) (size 0.65 0.4) (layers F.Cu F.Paste F.Mask)
      (net 34 /1.2V))
    (pad 4 smd rect (at 0.95 0.65) (size 0.65 0.4) (layers F.Cu F.Paste F.Mask)
      (net 45 "Net-(R11-Pad1)"))
    (pad 2 smd rect (at -0.95 0) (size 0.65 0.4) (layers F.Cu F.Paste F.Mask)
      (net 1 GND))
    (pad 5 smd rect (at 0.95 0) (size 0.65 0.4) (layers F.Cu F.Paste F.Mask)
      (net 21 /USBN_DIR))
    (pad 3 smd rect (at -0.95 0.65) (size 0.65 0.4) (layers F.Cu F.Paste F.Mask)
      (net 20 /USBN_3V3))
    (pad 1 smd rect (at -0.95 -0.65) (size 0.65 0.4) (layers F.Cu F.Paste F.Mask)
      (net 15 +3V3))
    (model ${KISYS3DMOD}/Package_TO_SOT_SMD.3dshapes/SOT-363_SC-70-6.wrl
      (at (xyz 0 0 0))
      (scale (xyz 1 1 1))
      (rotate (xyz 0 0 0))
    )
  )

  (module pkl_dipol:R_0603 (layer F.Cu) (tedit 5B8B7F23) (tstamp 603883C0)
    (at 41.275 59.69 180)
    (descr "Resistor SMD 0603, reflow soldering")
    (tags "resistor 0603")
    (path /6045EA0F)
    (attr smd)
    (fp_text reference R20 (at 0 -1.1) (layer F.Fab)
      (effects (font (size 0.635 0.635) (thickness 0.1)))
    )
    (fp_text value 100K (at 0 1.2) (layer F.Fab)
      (effects (font (size 0.635 0.635) (thickness 0.1)))
    )
    (fp_line (start 0.35 0.61) (end -0.35 0.61) (layer F.SilkS) (width 0.13))
    (fp_line (start -0.35 -0.61) (end 0.35 -0.61) (layer F.SilkS) (width 0.13))
    (fp_line (start 1.175 -0.725) (end 1.175 0.725) (layer F.CrtYd) (width 0.05))
    (fp_line (start -1.175 -0.725) (end -1.175 0.725) (layer F.CrtYd) (width 0.05))
    (fp_line (start -1.175 0.725) (end 1.175 0.725) (layer F.CrtYd) (width 0.05))
    (fp_line (start -1.175 -0.725) (end 1.175 -0.725) (layer F.CrtYd) (width 0.05))
    (fp_poly (pts (xy 0.375 0.425) (xy 0.375 -0.425) (xy -0.375 -0.425) (xy -0.375 0.425)
      (xy 0.25 0.425)) (layer F.SilkS) (width 0.05))
    (pad 2 smd roundrect (at 0.75 0 180) (size 0.6 0.9) (layers F.Cu F.Paste F.Mask) (roundrect_rratio 0.25)
      (net 19 /SBU1_DIR))
    (pad 1 smd roundrect (at -0.75 0 180) (size 0.6 0.9) (layers F.Cu F.Paste F.Mask) (roundrect_rratio 0.25)
      (net 1 GND))
    (model ${KISYS3DMOD}/Resistor_SMD.3dshapes/R_0603_1608Metric.step
      (at (xyz 0 0 0))
      (scale (xyz 1 1 1))
      (rotate (xyz 0 0 0))
    )
  )

  (module pkl_dipol:R_0603 (layer F.Cu) (tedit 5B8B7F23) (tstamp 603883B3)
    (at 41.275 49.53 180)
    (descr "Resistor SMD 0603, reflow soldering")
    (tags "resistor 0603")
    (path /603F5B0D)
    (attr smd)
    (fp_text reference R19 (at 0 -1.1) (layer F.Fab)
      (effects (font (size 0.635 0.635) (thickness 0.1)))
    )
    (fp_text value 100K (at 0 1.2) (layer F.Fab)
      (effects (font (size 0.635 0.635) (thickness 0.1)))
    )
    (fp_line (start 0.35 0.61) (end -0.35 0.61) (layer F.SilkS) (width 0.13))
    (fp_line (start -0.35 -0.61) (end 0.35 -0.61) (layer F.SilkS) (width 0.13))
    (fp_line (start 1.175 -0.725) (end 1.175 0.725) (layer F.CrtYd) (width 0.05))
    (fp_line (start -1.175 -0.725) (end -1.175 0.725) (layer F.CrtYd) (width 0.05))
    (fp_line (start -1.175 0.725) (end 1.175 0.725) (layer F.CrtYd) (width 0.05))
    (fp_line (start -1.175 -0.725) (end 1.175 -0.725) (layer F.CrtYd) (width 0.05))
    (fp_poly (pts (xy 0.375 0.425) (xy 0.375 -0.425) (xy -0.375 -0.425) (xy -0.375 0.425)
      (xy 0.25 0.425)) (layer F.SilkS) (width 0.05))
    (pad 2 smd roundrect (at 0.75 0 180) (size 0.6 0.9) (layers F.Cu F.Paste F.Mask) (roundrect_rratio 0.25)
      (net 23 /USBP_DIR))
    (pad 1 smd roundrect (at -0.75 0 180) (size 0.6 0.9) (layers F.Cu F.Paste F.Mask) (roundrect_rratio 0.25)
      (net 1 GND))
    (model ${KISYS3DMOD}/Resistor_SMD.3dshapes/R_0603_1608Metric.step
      (at (xyz 0 0 0))
      (scale (xyz 1 1 1))
      (rotate (xyz 0 0 0))
    )
  )

  (module pkl_dipol:R_0603 (layer F.Cu) (tedit 5B8B7F23) (tstamp 603883A6)
    (at 41.275 54.61 180)
    (descr "Resistor SMD 0603, reflow soldering")
    (tags "resistor 0603")
    (path /603E5398)
    (attr smd)
    (fp_text reference R18 (at 0 -1.1) (layer F.Fab)
      (effects (font (size 0.635 0.635) (thickness 0.1)))
    )
    (fp_text value 100K (at 0 1.2) (layer F.Fab)
      (effects (font (size 0.635 0.635) (thickness 0.1)))
    )
    (fp_line (start 0.35 0.61) (end -0.35 0.61) (layer F.SilkS) (width 0.13))
    (fp_line (start -0.35 -0.61) (end 0.35 -0.61) (layer F.SilkS) (width 0.13))
    (fp_line (start 1.175 -0.725) (end 1.175 0.725) (layer F.CrtYd) (width 0.05))
    (fp_line (start -1.175 -0.725) (end -1.175 0.725) (layer F.CrtYd) (width 0.05))
    (fp_line (start -1.175 0.725) (end 1.175 0.725) (layer F.CrtYd) (width 0.05))
    (fp_line (start -1.175 -0.725) (end 1.175 -0.725) (layer F.CrtYd) (width 0.05))
    (fp_poly (pts (xy 0.375 0.425) (xy 0.375 -0.425) (xy -0.375 -0.425) (xy -0.375 0.425)
      (xy 0.25 0.425)) (layer F.SilkS) (width 0.05))
    (pad 2 smd roundrect (at 0.75 0 180) (size 0.6 0.9) (layers F.Cu F.Paste F.Mask) (roundrect_rratio 0.25)
      (net 18 /SBU2_DIR))
    (pad 1 smd roundrect (at -0.75 0 180) (size 0.6 0.9) (layers F.Cu F.Paste F.Mask) (roundrect_rratio 0.25)
      (net 1 GND))
    (model ${KISYS3DMOD}/Resistor_SMD.3dshapes/R_0603_1608Metric.step
      (at (xyz 0 0 0))
      (scale (xyz 1 1 1))
      (rotate (xyz 0 0 0))
    )
  )

  (module pkl_dipol:R_0603 (layer F.Cu) (tedit 5B8B7F23) (tstamp 60388399)
    (at 41.275 44.45 180)
    (descr "Resistor SMD 0603, reflow soldering")
    (tags "resistor 0603")
    (path /603A75EE)
    (attr smd)
    (fp_text reference R17 (at 0 -1.1) (layer F.Fab)
      (effects (font (size 0.635 0.635) (thickness 0.1)))
    )
    (fp_text value 100K (at 0 1.2) (layer F.Fab)
      (effects (font (size 0.635 0.635) (thickness 0.1)))
    )
    (fp_line (start 0.35 0.61) (end -0.35 0.61) (layer F.SilkS) (width 0.13))
    (fp_line (start -0.35 -0.61) (end 0.35 -0.61) (layer F.SilkS) (width 0.13))
    (fp_line (start 1.175 -0.725) (end 1.175 0.725) (layer F.CrtYd) (width 0.05))
    (fp_line (start -1.175 -0.725) (end -1.175 0.725) (layer F.CrtYd) (width 0.05))
    (fp_line (start -1.175 0.725) (end 1.175 0.725) (layer F.CrtYd) (width 0.05))
    (fp_line (start -1.175 -0.725) (end 1.175 -0.725) (layer F.CrtYd) (width 0.05))
    (fp_poly (pts (xy 0.375 0.425) (xy 0.375 -0.425) (xy -0.375 -0.425) (xy -0.375 0.425)
      (xy 0.25 0.425)) (layer F.SilkS) (width 0.05))
    (pad 2 smd roundrect (at 0.75 0 180) (size 0.6 0.9) (layers F.Cu F.Paste F.Mask) (roundrect_rratio 0.25)
      (net 21 /USBN_DIR))
    (pad 1 smd roundrect (at -0.75 0 180) (size 0.6 0.9) (layers F.Cu F.Paste F.Mask) (roundrect_rratio 0.25)
      (net 1 GND))
    (model ${KISYS3DMOD}/Resistor_SMD.3dshapes/R_0603_1608Metric.step
      (at (xyz 0 0 0))
      (scale (xyz 1 1 1))
      (rotate (xyz 0 0 0))
    )
  )

  (module pkl_dipol:C_0603 (layer F.Cu) (tedit 5B8B5957) (tstamp 603896EE)
    (at 48.387 64.897 180)
    (descr "Capacitor SMD 0603, reflow soldering")
    (tags "capacitor 0603")
    (path /6047E71D)
    (attr smd)
    (fp_text reference C21 (at 0 -1.1) (layer F.Fab)
      (effects (font (size 0.635 0.635) (thickness 0.1)))
    )
    (fp_text value 0.1u (at 0 1.2) (layer F.Fab)
      (effects (font (size 0.635 0.635) (thickness 0.1)))
    )
    (fp_circle (center 0 0) (end 0.2 0) (layer F.SilkS) (width 0.4))
    (fp_line (start -1.175 -0.725) (end 1.175 -0.725) (layer F.CrtYd) (width 0.05))
    (fp_line (start -1.175 0.725) (end 1.175 0.725) (layer F.CrtYd) (width 0.05))
    (fp_line (start -1.175 -0.725) (end -1.175 0.725) (layer F.CrtYd) (width 0.05))
    (fp_line (start 1.175 -0.725) (end 1.175 0.725) (layer F.CrtYd) (width 0.05))
    (fp_line (start -0.35 -0.61) (end 0.35 -0.61) (layer F.SilkS) (width 0.13))
    (fp_line (start 0.35 0.61) (end -0.35 0.61) (layer F.SilkS) (width 0.13))
    (pad 1 smd roundrect (at -0.75 0 180) (size 0.6 0.9) (layers F.Cu F.Paste F.Mask) (roundrect_rratio 0.25)
      (net 14 +5V))
    (pad 2 smd roundrect (at 0.75 0 180) (size 0.6 0.9) (layers F.Cu F.Paste F.Mask) (roundrect_rratio 0.25)
      (net 1 GND))
    (model ${KISYS3DMOD}/Capacitor_SMD.3dshapes/C_0603_1608Metric.step
      (at (xyz 0 0 0))
      (scale (xyz 1 1 1))
      (rotate (xyz 0 0 0))
    )
  )

  (module pkl_dipol:C_0603 (layer F.Cu) (tedit 5B8B5957) (tstamp 603942DF)
    (at 52.578 54.61 270)
    (descr "Capacitor SMD 0603, reflow soldering")
    (tags "capacitor 0603")
    (path /6047EC84)
    (attr smd)
    (fp_text reference C20 (at 0 -1.1 90) (layer F.Fab)
      (effects (font (size 0.635 0.635) (thickness 0.1)))
    )
    (fp_text value 0.1u (at 0 1.2 90) (layer F.Fab)
      (effects (font (size 0.635 0.635) (thickness 0.1)))
    )
    (fp_line (start 0.35 0.61) (end -0.35 0.61) (layer F.SilkS) (width 0.13))
    (fp_line (start -0.35 -0.61) (end 0.35 -0.61) (layer F.SilkS) (width 0.13))
    (fp_line (start 1.175 -0.725) (end 1.175 0.725) (layer F.CrtYd) (width 0.05))
    (fp_line (start -1.175 -0.725) (end -1.175 0.725) (layer F.CrtYd) (width 0.05))
    (fp_line (start -1.175 0.725) (end 1.175 0.725) (layer F.CrtYd) (width 0.05))
    (fp_line (start -1.175 -0.725) (end 1.175 -0.725) (layer F.CrtYd) (width 0.05))
    (fp_circle (center 0 0) (end 0.2 0) (layer F.SilkS) (width 0.4))
    (pad 2 smd roundrect (at 0.75 0 270) (size 0.6 0.9) (layers F.Cu F.Paste F.Mask) (roundrect_rratio 0.25)
      (net 1 GND))
    (pad 1 smd roundrect (at -0.75 0 270) (size 0.6 0.9) (layers F.Cu F.Paste F.Mask) (roundrect_rratio 0.25)
      (net 14 +5V))
    (model ${KISYS3DMOD}/Capacitor_SMD.3dshapes/C_0603_1608Metric.step
      (at (xyz 0 0 0))
      (scale (xyz 1 1 1))
      (rotate (xyz 0 0 0))
    )
  )

  (module pkl_dipol:C_0603 (layer F.Cu) (tedit 5B8B5957) (tstamp 6039EAEA)
    (at 52.578 49.53 270)
    (descr "Capacitor SMD 0603, reflow soldering")
    (tags "capacitor 0603")
    (path /6047E0AE)
    (attr smd)
    (fp_text reference C19 (at 0 -1.1 90) (layer F.Fab)
      (effects (font (size 0.635 0.635) (thickness 0.1)))
    )
    (fp_text value 0.1u (at 0 1.2 90) (layer F.Fab)
      (effects (font (size 0.635 0.635) (thickness 0.1)))
    )
    (fp_line (start 0.35 0.61) (end -0.35 0.61) (layer F.SilkS) (width 0.13))
    (fp_line (start -0.35 -0.61) (end 0.35 -0.61) (layer F.SilkS) (width 0.13))
    (fp_line (start 1.175 -0.725) (end 1.175 0.725) (layer F.CrtYd) (width 0.05))
    (fp_line (start -1.175 -0.725) (end -1.175 0.725) (layer F.CrtYd) (width 0.05))
    (fp_line (start -1.175 0.725) (end 1.175 0.725) (layer F.CrtYd) (width 0.05))
    (fp_line (start -1.175 -0.725) (end 1.175 -0.725) (layer F.CrtYd) (width 0.05))
    (fp_circle (center 0 0) (end 0.2 0) (layer F.SilkS) (width 0.4))
    (pad 2 smd roundrect (at 0.75 0 270) (size 0.6 0.9) (layers F.Cu F.Paste F.Mask) (roundrect_rratio 0.25)
      (net 1 GND))
    (pad 1 smd roundrect (at -0.75 0 270) (size 0.6 0.9) (layers F.Cu F.Paste F.Mask) (roundrect_rratio 0.25)
      (net 14 +5V))
    (model ${KISYS3DMOD}/Capacitor_SMD.3dshapes/C_0603_1608Metric.step
      (at (xyz 0 0 0))
      (scale (xyz 1 1 1))
      (rotate (xyz 0 0 0))
    )
  )

  (module pkl_dipol:C_0603 (layer F.Cu) (tedit 5B8B5957) (tstamp 60395A5C)
    (at 48.387 39.243 180)
    (descr "Capacitor SMD 0603, reflow soldering")
    (tags "capacitor 0603")
    (path /6047D811)
    (attr smd)
    (fp_text reference C18 (at 0 -1.1) (layer F.Fab)
      (effects (font (size 0.635 0.635) (thickness 0.1)))
    )
    (fp_text value 0.1u (at 0 1.2) (layer F.Fab)
      (effects (font (size 0.635 0.635) (thickness 0.1)))
    )
    (fp_line (start 0.35 0.61) (end -0.35 0.61) (layer F.SilkS) (width 0.13))
    (fp_line (start -0.35 -0.61) (end 0.35 -0.61) (layer F.SilkS) (width 0.13))
    (fp_line (start 1.175 -0.725) (end 1.175 0.725) (layer F.CrtYd) (width 0.05))
    (fp_line (start -1.175 -0.725) (end -1.175 0.725) (layer F.CrtYd) (width 0.05))
    (fp_line (start -1.175 0.725) (end 1.175 0.725) (layer F.CrtYd) (width 0.05))
    (fp_line (start -1.175 -0.725) (end 1.175 -0.725) (layer F.CrtYd) (width 0.05))
    (fp_circle (center 0 0) (end 0.2 0) (layer F.SilkS) (width 0.4))
    (pad 2 smd roundrect (at 0.75 0 180) (size 0.6 0.9) (layers F.Cu F.Paste F.Mask) (roundrect_rratio 0.25)
      (net 1 GND))
    (pad 1 smd roundrect (at -0.75 0 180) (size 0.6 0.9) (layers F.Cu F.Paste F.Mask) (roundrect_rratio 0.25)
      (net 14 +5V))
    (model ${KISYS3DMOD}/Capacitor_SMD.3dshapes/C_0603_1608Metric.step
      (at (xyz 0 0 0))
      (scale (xyz 1 1 1))
      (rotate (xyz 0 0 0))
    )
  )

  (module pkl_dipol:R_0603 (layer F.Cu) (tedit 5B8B7F23) (tstamp 6037BCE4)
    (at 69.85 59.69)
    (descr "Resistor SMD 0603, reflow soldering")
    (tags "resistor 0603")
    (path /60943BE4)
    (attr smd)
    (fp_text reference R7 (at 0 -1.1) (layer F.Fab)
      (effects (font (size 0.635 0.635) (thickness 0.1)))
    )
    (fp_text value 100K (at 0 1.2) (layer F.Fab)
      (effects (font (size 0.635 0.635) (thickness 0.1)))
    )
    (fp_line (start 0.35 0.61) (end -0.35 0.61) (layer F.SilkS) (width 0.13))
    (fp_line (start -0.35 -0.61) (end 0.35 -0.61) (layer F.SilkS) (width 0.13))
    (fp_line (start 1.175 -0.725) (end 1.175 0.725) (layer F.CrtYd) (width 0.05))
    (fp_line (start -1.175 -0.725) (end -1.175 0.725) (layer F.CrtYd) (width 0.05))
    (fp_line (start -1.175 0.725) (end 1.175 0.725) (layer F.CrtYd) (width 0.05))
    (fp_line (start -1.175 -0.725) (end 1.175 -0.725) (layer F.CrtYd) (width 0.05))
    (fp_poly (pts (xy 0.375 0.425) (xy 0.375 -0.425) (xy -0.375 -0.425) (xy -0.375 0.425)
      (xy 0.25 0.425)) (layer F.SilkS) (width 0.05))
    (pad 2 smd roundrect (at 0.75 0) (size 0.6 0.9) (layers F.Cu F.Paste F.Mask) (roundrect_rratio 0.25)
      (net 42 /~SBU_1V2))
    (pad 1 smd roundrect (at -0.75 0) (size 0.6 0.9) (layers F.Cu F.Paste F.Mask) (roundrect_rratio 0.25)
      (net 1 GND))
    (model ${KISYS3DMOD}/Resistor_SMD.3dshapes/R_0603_1608Metric.step
      (at (xyz 0 0 0))
      (scale (xyz 1 1 1))
      (rotate (xyz 0 0 0))
    )
  )

  (module pkl_dipol:R_0603 (layer F.Cu) (tedit 5B8B7F23) (tstamp 60380EC0)
    (at 48.895 59.817 270)
    (descr "Resistor SMD 0603, reflow soldering")
    (tags "resistor 0603")
    (path /60B612D2)
    (attr smd)
    (fp_text reference R14 (at 0 -1.1 90) (layer F.Fab)
      (effects (font (size 0.635 0.635) (thickness 0.1)))
    )
    (fp_text value 100R (at 0 1.2 90) (layer F.Fab)
      (effects (font (size 0.635 0.635) (thickness 0.1)))
    )
    (fp_line (start 0.35 0.61) (end -0.35 0.61) (layer F.SilkS) (width 0.13))
    (fp_line (start -0.35 -0.61) (end 0.35 -0.61) (layer F.SilkS) (width 0.13))
    (fp_line (start 1.175 -0.725) (end 1.175 0.725) (layer F.CrtYd) (width 0.05))
    (fp_line (start -1.175 -0.725) (end -1.175 0.725) (layer F.CrtYd) (width 0.05))
    (fp_line (start -1.175 0.725) (end 1.175 0.725) (layer F.CrtYd) (width 0.05))
    (fp_line (start -1.175 -0.725) (end 1.175 -0.725) (layer F.CrtYd) (width 0.05))
    (fp_poly (pts (xy 0.375 0.425) (xy 0.375 -0.425) (xy -0.375 -0.425) (xy -0.375 0.425)
      (xy 0.25 0.425)) (layer F.SilkS) (width 0.05))
    (pad 2 smd roundrect (at 0.75 0 270) (size 0.6 0.9) (layers F.Cu F.Paste F.Mask) (roundrect_rratio 0.25)
      (net 50 "Net-(R14-Pad2)"))
    (pad 1 smd roundrect (at -0.75 0 270) (size 0.6 0.9) (layers F.Cu F.Paste F.Mask) (roundrect_rratio 0.25)
      (net 51 "Net-(R14-Pad1)"))
    (model ${KISYS3DMOD}/Resistor_SMD.3dshapes/R_0603_1608Metric.step
      (at (xyz 0 0 0))
      (scale (xyz 1 1 1))
      (rotate (xyz 0 0 0))
    )
  )

  (module pkl_dipol:R_0603 (layer F.Cu) (tedit 5B8B7F23) (tstamp 60399B6E)
    (at 48.387 52.07)
    (descr "Resistor SMD 0603, reflow soldering")
    (tags "resistor 0603")
    (path /60B191BD)
    (attr smd)
    (fp_text reference R13 (at 0 -1.1) (layer F.Fab)
      (effects (font (size 0.635 0.635) (thickness 0.1)))
    )
    (fp_text value 100R (at 0 1.2) (layer F.Fab)
      (effects (font (size 0.635 0.635) (thickness 0.1)))
    )
    (fp_line (start 0.35 0.61) (end -0.35 0.61) (layer F.SilkS) (width 0.13))
    (fp_line (start -0.35 -0.61) (end 0.35 -0.61) (layer F.SilkS) (width 0.13))
    (fp_line (start 1.175 -0.725) (end 1.175 0.725) (layer F.CrtYd) (width 0.05))
    (fp_line (start -1.175 -0.725) (end -1.175 0.725) (layer F.CrtYd) (width 0.05))
    (fp_line (start -1.175 0.725) (end 1.175 0.725) (layer F.CrtYd) (width 0.05))
    (fp_line (start -1.175 -0.725) (end 1.175 -0.725) (layer F.CrtYd) (width 0.05))
    (fp_poly (pts (xy 0.375 0.425) (xy 0.375 -0.425) (xy -0.375 -0.425) (xy -0.375 0.425)
      (xy 0.25 0.425)) (layer F.SilkS) (width 0.05))
    (pad 2 smd roundrect (at 0.75 0) (size 0.6 0.9) (layers F.Cu F.Paste F.Mask) (roundrect_rratio 0.25)
      (net 48 "Net-(R13-Pad2)"))
    (pad 1 smd roundrect (at -0.75 0) (size 0.6 0.9) (layers F.Cu F.Paste F.Mask) (roundrect_rratio 0.25)
      (net 49 "Net-(R13-Pad1)"))
    (model ${KISYS3DMOD}/Resistor_SMD.3dshapes/R_0603_1608Metric.step
      (at (xyz 0 0 0))
      (scale (xyz 1 1 1))
      (rotate (xyz 0 0 0))
    )
  )

  (module pkl_dipol:R_0603 (layer F.Cu) (tedit 5B8B7F23) (tstamp 6039E6E9)
    (at 48.387 57.15)
    (descr "Resistor SMD 0603, reflow soldering")
    (tags "resistor 0603")
    (path /60AEE780)
    (attr smd)
    (fp_text reference R12 (at 0 -1.1) (layer F.Fab)
      (effects (font (size 0.635 0.635) (thickness 0.1)))
    )
    (fp_text value 100R (at 0 1.2) (layer F.Fab)
      (effects (font (size 0.635 0.635) (thickness 0.1)))
    )
    (fp_line (start 0.35 0.61) (end -0.35 0.61) (layer F.SilkS) (width 0.13))
    (fp_line (start -0.35 -0.61) (end 0.35 -0.61) (layer F.SilkS) (width 0.13))
    (fp_line (start 1.175 -0.725) (end 1.175 0.725) (layer F.CrtYd) (width 0.05))
    (fp_line (start -1.175 -0.725) (end -1.175 0.725) (layer F.CrtYd) (width 0.05))
    (fp_line (start -1.175 0.725) (end 1.175 0.725) (layer F.CrtYd) (width 0.05))
    (fp_line (start -1.175 -0.725) (end 1.175 -0.725) (layer F.CrtYd) (width 0.05))
    (fp_poly (pts (xy 0.375 0.425) (xy 0.375 -0.425) (xy -0.375 -0.425) (xy -0.375 0.425)
      (xy 0.25 0.425)) (layer F.SilkS) (width 0.05))
    (pad 2 smd roundrect (at 0.75 0) (size 0.6 0.9) (layers F.Cu F.Paste F.Mask) (roundrect_rratio 0.25)
      (net 46 "Net-(R12-Pad2)"))
    (pad 1 smd roundrect (at -0.75 0) (size 0.6 0.9) (layers F.Cu F.Paste F.Mask) (roundrect_rratio 0.25)
      (net 47 "Net-(R12-Pad1)"))
    (model ${KISYS3DMOD}/Resistor_SMD.3dshapes/R_0603_1608Metric.step
      (at (xyz 0 0 0))
      (scale (xyz 1 1 1))
      (rotate (xyz 0 0 0))
    )
  )

  (module pkl_dipol:R_0603 (layer F.Cu) (tedit 5B8B7F23) (tstamp 60380E99)
    (at 48.895 44.323 90)
    (descr "Resistor SMD 0603, reflow soldering")
    (tags "resistor 0603")
    (path /60A682BA)
    (attr smd)
    (fp_text reference R11 (at 0 -1.1 90) (layer F.Fab)
      (effects (font (size 0.635 0.635) (thickness 0.1)))
    )
    (fp_text value 100R (at 0 1.2 90) (layer F.Fab)
      (effects (font (size 0.635 0.635) (thickness 0.1)))
    )
    (fp_line (start 0.35 0.61) (end -0.35 0.61) (layer F.SilkS) (width 0.13))
    (fp_line (start -0.35 -0.61) (end 0.35 -0.61) (layer F.SilkS) (width 0.13))
    (fp_line (start 1.175 -0.725) (end 1.175 0.725) (layer F.CrtYd) (width 0.05))
    (fp_line (start -1.175 -0.725) (end -1.175 0.725) (layer F.CrtYd) (width 0.05))
    (fp_line (start -1.175 0.725) (end 1.175 0.725) (layer F.CrtYd) (width 0.05))
    (fp_line (start -1.175 -0.725) (end 1.175 -0.725) (layer F.CrtYd) (width 0.05))
    (fp_poly (pts (xy 0.375 0.425) (xy 0.375 -0.425) (xy -0.375 -0.425) (xy -0.375 0.425)
      (xy 0.25 0.425)) (layer F.SilkS) (width 0.05))
    (pad 2 smd roundrect (at 0.75 0 90) (size 0.6 0.9) (layers F.Cu F.Paste F.Mask) (roundrect_rratio 0.25)
      (net 44 "Net-(R11-Pad2)"))
    (pad 1 smd roundrect (at -0.75 0 90) (size 0.6 0.9) (layers F.Cu F.Paste F.Mask) (roundrect_rratio 0.25)
      (net 45 "Net-(R11-Pad1)"))
    (model ${KISYS3DMOD}/Resistor_SMD.3dshapes/R_0603_1608Metric.step
      (at (xyz 0 0 0))
      (scale (xyz 1 1 1))
      (rotate (xyz 0 0 0))
    )
  )

  (module pkl_dipol:R_0603 (layer F.Cu) (tedit 5B8B7F23) (tstamp 6037A9B3)
    (at 69.85 57.15)
    (descr "Resistor SMD 0603, reflow soldering")
    (tags "resistor 0603")
    (path /60912007)
    (attr smd)
    (fp_text reference R6 (at 0 -1.1) (layer F.Fab)
      (effects (font (size 0.635 0.635) (thickness 0.1)))
    )
    (fp_text value 100K (at 0 1.2) (layer F.Fab)
      (effects (font (size 0.635 0.635) (thickness 0.1)))
    )
    (fp_line (start 0.35 0.61) (end -0.35 0.61) (layer F.SilkS) (width 0.13))
    (fp_line (start -0.35 -0.61) (end 0.35 -0.61) (layer F.SilkS) (width 0.13))
    (fp_line (start 1.175 -0.725) (end 1.175 0.725) (layer F.CrtYd) (width 0.05))
    (fp_line (start -1.175 -0.725) (end -1.175 0.725) (layer F.CrtYd) (width 0.05))
    (fp_line (start -1.175 0.725) (end 1.175 0.725) (layer F.CrtYd) (width 0.05))
    (fp_line (start -1.175 -0.725) (end 1.175 -0.725) (layer F.CrtYd) (width 0.05))
    (fp_poly (pts (xy 0.375 0.425) (xy 0.375 -0.425) (xy -0.375 -0.425) (xy -0.375 0.425)
      (xy 0.25 0.425)) (layer F.SilkS) (width 0.05))
    (pad 2 smd roundrect (at 0.75 0) (size 0.6 0.9) (layers F.Cu F.Paste F.Mask) (roundrect_rratio 0.25)
      (net 43 /~USB_1V2))
    (pad 1 smd roundrect (at -0.75 0) (size 0.6 0.9) (layers F.Cu F.Paste F.Mask) (roundrect_rratio 0.25)
      (net 1 GND))
    (model ${KISYS3DMOD}/Resistor_SMD.3dshapes/R_0603_1608Metric.step
      (at (xyz 0 0 0))
      (scale (xyz 1 1 1))
      (rotate (xyz 0 0 0))
    )
  )

  (module Package_TO_SOT_SMD:SOT-363_SC-70-6 (layer F.Cu) (tedit 5A02FF57) (tstamp 6039C429)
    (at 48.006 62.738)
    (descr "SOT-363, SC-70-6")
    (tags "SOT-363 SC-70-6")
    (path /607CF578)
    (attr smd)
    (fp_text reference U11 (at 0 -2) (layer F.Fab)
      (effects (font (size 1 1) (thickness 0.15)))
    )
    (fp_text value NC7SB3157P6X (at 0 2 180) (layer F.Fab)
      (effects (font (size 1 1) (thickness 0.15)))
    )
    (fp_line (start 0.7 -1.16) (end -1.2 -1.16) (layer F.SilkS) (width 0.12))
    (fp_line (start -0.7 1.16) (end 0.7 1.16) (layer F.SilkS) (width 0.12))
    (fp_line (start 1.6 1.4) (end 1.6 -1.4) (layer F.CrtYd) (width 0.05))
    (fp_line (start -1.6 -1.4) (end -1.6 1.4) (layer F.CrtYd) (width 0.05))
    (fp_line (start -1.6 -1.4) (end 1.6 -1.4) (layer F.CrtYd) (width 0.05))
    (fp_line (start 0.675 -1.1) (end -0.175 -1.1) (layer F.Fab) (width 0.1))
    (fp_line (start -0.675 -0.6) (end -0.675 1.1) (layer F.Fab) (width 0.1))
    (fp_line (start -1.6 1.4) (end 1.6 1.4) (layer F.CrtYd) (width 0.05))
    (fp_line (start 0.675 -1.1) (end 0.675 1.1) (layer F.Fab) (width 0.1))
    (fp_line (start 0.675 1.1) (end -0.675 1.1) (layer F.Fab) (width 0.1))
    (fp_line (start -0.175 -1.1) (end -0.675 -0.6) (layer F.Fab) (width 0.1))
    (fp_text user %R (at 0 0 90) (layer F.Fab)
      (effects (font (size 0.5 0.5) (thickness 0.075)))
    )
    (pad 1 smd rect (at -0.95 -0.65) (size 0.65 0.4) (layers F.Cu F.Paste F.Mask)
      (net 17 /SBU1_3V3))
    (pad 3 smd rect (at -0.95 0.65) (size 0.65 0.4) (layers F.Cu F.Paste F.Mask)
      (net 50 "Net-(R14-Pad2)"))
    (pad 5 smd rect (at 0.95 0) (size 0.65 0.4) (layers F.Cu F.Paste F.Mask)
      (net 14 +5V))
    (pad 2 smd rect (at -0.95 0) (size 0.65 0.4) (layers F.Cu F.Paste F.Mask)
      (net 1 GND))
    (pad 4 smd rect (at 0.95 0.65) (size 0.65 0.4) (layers F.Cu F.Paste F.Mask)
      (net 41 "Net-(J11-Pad2)"))
    (pad 6 smd rect (at 0.95 -0.65) (size 0.65 0.4) (layers F.Cu F.Paste F.Mask)
      (net 42 /~SBU_1V2))
    (model ${KISYS3DMOD}/Package_TO_SOT_SMD.3dshapes/SOT-363_SC-70-6.wrl
      (at (xyz 0 0 0))
      (scale (xyz 1 1 1))
      (rotate (xyz 0 0 0))
    )
  )

  (module Package_TO_SOT_SMD:SOT-363_SC-70-6 (layer F.Cu) (tedit 5A02FF57) (tstamp 6039F19D)
    (at 50.038 54.61)
    (descr "SOT-363, SC-70-6")
    (tags "SOT-363 SC-70-6")
    (path /607BD297)
    (attr smd)
    (fp_text reference U10 (at 0 -2) (layer F.Fab)
      (effects (font (size 1 1) (thickness 0.15)))
    )
    (fp_text value NC7SB3157P6X (at 0 2 180) (layer F.Fab)
      (effects (font (size 1 1) (thickness 0.15)))
    )
    (fp_line (start -0.175 -1.1) (end -0.675 -0.6) (layer F.Fab) (width 0.1))
    (fp_line (start 0.675 1.1) (end -0.675 1.1) (layer F.Fab) (width 0.1))
    (fp_line (start 0.675 -1.1) (end 0.675 1.1) (layer F.Fab) (width 0.1))
    (fp_line (start -1.6 1.4) (end 1.6 1.4) (layer F.CrtYd) (width 0.05))
    (fp_line (start -0.675 -0.6) (end -0.675 1.1) (layer F.Fab) (width 0.1))
    (fp_line (start 0.675 -1.1) (end -0.175 -1.1) (layer F.Fab) (width 0.1))
    (fp_line (start -1.6 -1.4) (end 1.6 -1.4) (layer F.CrtYd) (width 0.05))
    (fp_line (start -1.6 -1.4) (end -1.6 1.4) (layer F.CrtYd) (width 0.05))
    (fp_line (start 1.6 1.4) (end 1.6 -1.4) (layer F.CrtYd) (width 0.05))
    (fp_line (start -0.7 1.16) (end 0.7 1.16) (layer F.SilkS) (width 0.12))
    (fp_line (start 0.7 -1.16) (end -1.2 -1.16) (layer F.SilkS) (width 0.12))
    (fp_text user %R (at 0 0 90) (layer F.Fab)
      (effects (font (size 0.5 0.5) (thickness 0.075)))
    )
    (pad 6 smd rect (at 0.95 -0.65) (size 0.65 0.4) (layers F.Cu F.Paste F.Mask)
      (net 42 /~SBU_1V2))
    (pad 4 smd rect (at 0.95 0.65) (size 0.65 0.4) (layers F.Cu F.Paste F.Mask)
      (net 40 "Net-(J10-Pad2)"))
    (pad 2 smd rect (at -0.95 0) (size 0.65 0.4) (layers F.Cu F.Paste F.Mask)
      (net 1 GND))
    (pad 5 smd rect (at 0.95 0) (size 0.65 0.4) (layers F.Cu F.Paste F.Mask)
      (net 14 +5V))
    (pad 3 smd rect (at -0.95 0.65) (size 0.65 0.4) (layers F.Cu F.Paste F.Mask)
      (net 46 "Net-(R12-Pad2)"))
    (pad 1 smd rect (at -0.95 -0.65) (size 0.65 0.4) (layers F.Cu F.Paste F.Mask)
      (net 16 /SBU2_3V3))
    (model ${KISYS3DMOD}/Package_TO_SOT_SMD.3dshapes/SOT-363_SC-70-6.wrl
      (at (xyz 0 0 0))
      (scale (xyz 1 1 1))
      (rotate (xyz 0 0 0))
    )
  )

  (module Package_TO_SOT_SMD:SOT-363_SC-70-6 (layer F.Cu) (tedit 5A02FF57) (tstamp 6039B441)
    (at 50.038 49.53)
    (descr "SOT-363, SC-70-6")
    (tags "SOT-363 SC-70-6")
    (path /607B547C)
    (attr smd)
    (fp_text reference U9 (at 0 -2) (layer F.Fab)
      (effects (font (size 1 1) (thickness 0.15)))
    )
    (fp_text value NC7SB3157P6X (at 0 2 180) (layer F.Fab)
      (effects (font (size 1 1) (thickness 0.15)))
    )
    (fp_line (start 0.7 -1.16) (end -1.2 -1.16) (layer F.SilkS) (width 0.12))
    (fp_line (start -0.7 1.16) (end 0.7 1.16) (layer F.SilkS) (width 0.12))
    (fp_line (start 1.6 1.4) (end 1.6 -1.4) (layer F.CrtYd) (width 0.05))
    (fp_line (start -1.6 -1.4) (end -1.6 1.4) (layer F.CrtYd) (width 0.05))
    (fp_line (start -1.6 -1.4) (end 1.6 -1.4) (layer F.CrtYd) (width 0.05))
    (fp_line (start 0.675 -1.1) (end -0.175 -1.1) (layer F.Fab) (width 0.1))
    (fp_line (start -0.675 -0.6) (end -0.675 1.1) (layer F.Fab) (width 0.1))
    (fp_line (start -1.6 1.4) (end 1.6 1.4) (layer F.CrtYd) (width 0.05))
    (fp_line (start 0.675 -1.1) (end 0.675 1.1) (layer F.Fab) (width 0.1))
    (fp_line (start 0.675 1.1) (end -0.675 1.1) (layer F.Fab) (width 0.1))
    (fp_line (start -0.175 -1.1) (end -0.675 -0.6) (layer F.Fab) (width 0.1))
